11E410653
13F620055
11E510955
13F610504
11E430471
11F640161
11D410102
11E430701
11E610321
11E440317
11F640857
11E540073
11E611430
10E110217
11E540282
11D430030
11D420112
10E110794
11D430205
10E220181
10E120786
10E220794
11E631065
11D430984
13F630065
10F321391
11E641680
11E631010
11D510044
10E130576
10F340282
10E130503
11D530042
10D140136
10D120042
11D530251
11D530174
11D530240
11D431424
10D110032
10D210206
10E510251
12F320293
10E420150
10D210930
12F320462
10D240319
11D440215
11E110555
10E111023
13F630153
11E130492
11E411098
10E110730
12F641075
12F610132
13F610056
12F330243
10D211591
11E340093
10E111061
1240070BO
10E330758
10E220666
13F540883
13F540470
11E320949
10D211425
11D440554
11E320774
11E530902
11E530911
10E510231
11D441104
11F610098
11F631442
10D230363
11F610818
10D211728
10D211461
10D121014
12E430096
11D110132
11D410827
11D440866
11D440921
11D411187
11E320664
10D120877
11E340446
11E340082
11D441461
11D441214
11E310764
11E330391
11E330326
11E621396
12E640053
11E311002
12E640064
11E620735
12E630845
11E330142
12E631055
11E620780
12E630472
12E630890
12E630285
12E630304
11E620032
11E621781
11E621594
11E221095
12E610166
11E220050
11E241372
12E540957
11E220968
12E520221
12E520043
11E620818
11E621495
11E620285
12E540434
12E520263
11E341115
11E220182
12E540700
11E640416
11E220207
11E640700
11E331051
11E640911
12E541097
12E540074
11E611504
11E611090
11E611311
12E510132
12E510165
12E230142
12E510484
12E230409
12E230418
12E230445
12E230463
12E510231
12E510242
11E210682
12E531142
12E530451
12E530064
12E420295
11D130381
11D140081
11E230877
13E440041
13E440074
12E120371
13E430819
12E110600
13E430103
11E511022
13F610320
13F610463
13F630483
12F320426
12F320646
13F630607
13F631099
1220014SC
12E130235
12E130208
11E511110
12F331172
12F330803
12E410076
12E420011
12E430122
12F630790
12F640719
12E631154
12E630753
12E630744
11F310563
11F320317
12E630946
12E640273
12E540847
12E540911
12E640213
11E320271
11E320392
11E220124
11E320361
11E320646
11E221123
11F330363
11E310719
11E320747
