6750
22870.5
7623.0
6120
6000.0
8160.0
8000
8280.0
7865
7700
6343.75
7500
7564
8880
8350.0
5200
7524
13155.5
18321.75
8000
7000
39000
7800
IRR
8350.0
6000
5880.0
5043.0
5625
blank
8085.0
8000
11165.0
6075.0
7200.0
12608.0
7200.0
7000
6500
IRR
6250
6000.0
7860.0
5400.0
4760.0
6550.0
10584.0
unknown case
5826.5
3125.0
5400
6825.0
6400
6159.5
6300.0
11632.5
8400
3850
7800
9592
11287.5
8128.0
8250
3550
6250.0
7350.0
8000
5830
4925.0
IRR
7000.0
5148.0
7450
10174.5
9000
5631.25
1188.0
6615
9080.0
3850
18720.0
9450
8055.0
5104
7175.0
IRR
11325.0
4800
8232.0
14883.75
6000.0
4050.0
6000
8400.0
6683.25
10400.0
10500
5988.5
8350.0
10000
4560
16044.0
IRR
9906.75
10000
10380.0
6600
9920.0
7378
IRR
5850
7420
7905.25
7121.25
8742.0
10206.0
5676.0
7480
8253
6250
7752.0
unknown case
14437.5
8251.25
6000
5250.0
6300.0
7812.0
9746.5
8050
6850
5865.0
6400
5625.0
8960.0
9480.0
4428
6300.0
4488.75
6324.0
5000
25252.0
6600
6650.0
13500.0
6500.0
8250
7500
6600
3185.0
5565
IRR
8964.0
5000.0
5160
9480.0
8439.75
4470.0
5152.5
7381.0
7350.0
12750
7480
6785.0
3675
8250
6000
6150
6450
5300.0
7687.5
6250.0
5323.5
3737.5
6250
6950.0
5478.0
6550.0
8000.0
5000.0
6062.5
6225.0
11786.0
6600
5600
6119.0
9592
5250
5850.0
3750
9693.25
6400
6500.0
11403.0
6850.0
IRR
5200.0
7000
6500.0
IRR
7500.0
6360.0
4260
7200.0
6250.0
7500.0
6750.0
6000
IRR
6875.0
7504
7250
7722.0
5500
8060.0
5668.0
6400.0
8967.0
6250
3434.0
5200
6400
unknown case
8350.0
7506.0
6120.0
10846.0
8000.0
7676.0
9625.0
3675
7700
5000.0
7450
6400.0
unknown case
6360.0
7800
3690.0
9222.5
7207.5
7410.0
6500.0
7500.0
5046.0
11925.0
6400
3750.0
6650
6250
IRR
12825
7500
8112.0
5500
8250
3333.0
11000
6500.0
5740
4505
6250.0
8903.0
7242.0
8928.0
4590.0
8468.75
6250
6432.0
7632.0
8679.0
7500.0
6703.5
15840.0
6400.0
7800
5150.0
6500.0
6500.0
6933.75
5000.0
4800
unknown case
6000
8337.5
5000.0
5200.0
9625
8029.5
6560.0
8320.0
4725.0
5760
7300.0
8795.5
28281.5
9540.0
7500
9945.75
8000.0
8352.5
4260
5005.0
8500.0
5950.0
12000.0
10655.5
8064
6500.0
12150
5200
IRR
10010
6900.0
5900.0
4050.0
10890
6042.0
7540.0
4260
6000.0
8007
IRR
5174.5
5200.0
7500
6050
9600
IRR
5350
4600
5400
7750
4698.0
3200
13196.25
5160
6850.0
9125.0
11074.0
8756.5
6500.0
5000
4300.0
6400
5200.0
6250.0
7500
4042.5
4800.0
11679.0
IRR
6250.0
4648.0
5320.0
4200
6400.0
12750.0
5130.0
7020.0
5824.0
7300
7600
6400
4240
5200.0
6400
7953.0
12356.75
5434.0
6875.0
6750
5550
6500.0
7500
6400
5225.0
6042.0
7350
5050.0
6500.0
6550
15453.0
4812.5
4698.0
3750
8001.0
6900.0
5350
7370
8100
4375.0
9619.5
5625.0
8512.5
7020.0
4608
blank
4260
7930
13125.0
7500
6875.0
3675.0
11110.0
8251.25
6400.0
11400
8250.0
10650.0
8288.0
6000.0
8350.0
6400.0
3675
7500.0
4752
6400
7700
10000.0
3885
6303.0
6400.0
6075
9600
7500.0
7000
unknown case
6000
4902.0
7618.75
11250.0
7178.0
10450.0
unknown case
7700.0
8250
8125.0
IRR
19392.75
IRR
10000.0
7757.75
4260
6850
8100.0
6500
9600.0
10500.0
6850.0
6550
7250.0
7747
3200
5000
6250
6250
10400.0
4050.0
3840.0
4480
3675.0
6120
4590.0
4242.0
6500.0
3200.0
3870.0
6450.0
9350
8775.0
6400.0
5120
6324
5000
3434.0
5350.0
2828.0
IRR
7499.5
3500
3636.0
4522
5500.0
19500
IRR
3636.0
6500.0
4950
11475.0
IRR
21719.75
9480.0
10635.75
4992
5250.0
19106.0
5500
7150
3750
4305
5562.5
6400
10931.25
12743.5
8000
8000.0
8250
11950.0
4125.0
5200.0
4140.0
2875
5000
6000.0
IRR
5800.0
6840
6000.0
10890
5074.0
5950
6000
10174.5
IRR
IRR
6270
5500
8750
3200
5605.5
5100
3780
23940.0
5104
6500.0
6850.0
12600
5859.0
3125.0
6000
8250
6500.0
6400.0
9108.0
7761.75
8250.0
10000.0
6400.0
5635
unknown case
3840.0
8000.0
6450
7680.0
8470.0
7250
7800.0
6600.0
6400.0
5000.0
6400
6162.75
5060.0
5244.0
6400.0
7680
IRR
6940.0
3200
3550.0
4480.0
7675.0
4725.0
9726.75
5355
7562.5
7564
12000.0
10512.5
3999.0
3200
6400.0
11778.0
9306.0
7350.0
6850.0
5358.0
5760.0
5700
8350.0
6500.0
5120.0
IRR
6500.0
IRR
22590
10250
5031
11551.75
4840.0
9579.5
6500.0
20806.0
5200.0
6500.0
4218.0
11040.0
6842.5
7446.5
5418.0
4380
7740
6600.0
7500.0
5000
9774.0
4526.0
6000
7550.0
8395.0
10070.0
8479
10500
7700
6539.75
IRR
7500
3350.0
7089.0
7800.0
6909.0
unknown case
5250
7514.5
8352.5
6500.0
8540.0
7007.0
25500
4485
3200
7425
7696.25
6500.0
14850
9454.0
11583.0
6000
5200
8710.0
7486.0
7475.0
7500
unknown case
19500
5120.0
10200.0
IRR
3640
6000.0
6400.0
37674.0
IRR
22400.0
6042.0
8320.0
6500.0
unknown case
8256.0
36504.0
7718.75
3584
3200
4200.0
unknown case
6400.0
6540.5
6400.0
6184.75
6000.0
9944.0
8736.0
IRR
12250.0
6450.0
7550
7688.0
11342.25
IRR
20629.25
IRR
IRR
blank
blank
blank
700.0
2500.0
4224.0
6440
6500.0
6500.0
6500.0
19748.75
20460.0
IRR
5544.0
5434.0
6042.0
5120.0
5200.0
5954.0
6500.0
6650.0
5775.0
6500.0
6500.0
6500.0
6500.0
6500.0
6500.0
6500.0
6500.0
6500.0
6500.0
6500.0
6500.0
6500.0
6500.0
6500.0
5500
5216.0
6150.0
IRR
7540.0
8400
8700
15600
6000
7702.5
8568.0
20992.0
8246.0
7440.0
7750.0
24757.25
6500.0
6500.0
11028.5
IRR
7000
11461
8740
11592.0
11072.0
9520.0
10000.0
15688.75
10790.0
9322.5
16598.0
8800
12540
unknown case
6113.25
1820.0
4600.0
3000.0
7500
7500
20100
256.0
9048.0
blank
3125.0
10300.0
11432.5
20000
5872.5
5760.0
4794.0
6562.5
10100.0
6440
7750.0
9600
9600.0
7843.75
7620.0
IRR
11966.75
10260.0
7502.0
IRR
9500.0
unknown case
IRR
4290.0
6600.0
4650
4095
6000
7200.0
5000.0
7095.0
6400
5950.0
6525.0
11220
8494.0
32580.0
3690.0
6000.0
8000
6750.0
7500
12000
7616.0
8875
IRR
7900.0
10680.0
unknown case
IRR
unknown case
IRR
5320.0
4860.0
8250
6545
10678.25
6000
7603.5
8208.0
4830
15000.0
4050.0
4920
6400
11900
unknown case
IRR
5760.0
7500.0
9023.25
IRR
5000.0
10281.0
5409.25
18600
IRR
4400
5200.0
5000
6250
8750.0
6792.5
10721.0
IRR
unknown case
unknown case
IRR
22500.0
26775.0
IRR
20000.0
6400
IRR
9559
8881.0
11068.5
32670.0
IRR
7480.0
10050
10140
11256
IRR
6250.0
312.0
2982.0
IRR
3450
36018.5
3927.0
5000.0
5000
6250
8000
5000.0
6500.0
7000.0
9600.0
14113.5
41600
7475.0
4380.0
5115.0
4200.0
5120.0
12500
6500.0
unknown case
5250
6660
6875.0
7627.5
19239.0
37152.0
4375
4800
IRR
5425.0
8500
6312.5
10000.0
10625
8117.5
16744.0
20700.0
42319.5
3838.0
7350
7500.0
8497.5
11903.25
8415.0
9487.0
unknown case
8250.0
5760.0
5760.0
5780.0
3780
10250.0
42930.0
3200.0
5175
7575.0
7261
6264.0
43890.0
2900.0
4050.0
36719.5
3450
5762.75
4375
10374.0
4864.0
9874.5
4725.0
7500.0
8750.0
8829.0
7012.5
7865.0
7564
8040
6815.75
7500.0
unknown case
unknown case
unknown case
4845.0
8350.0
4625.0
16500.0
IRR
4972.5
7634.25
25597.0
4025.0
4070.0
36795.0
4260
10423.25
4280
4360
9592
3735
7990.0
5000
5000
5500
5825.0
6000.0
6400.0
6240
5492.75
IRR
7130.0
7150
7331.5
23800.0
IRR
unknown case
IRR
unknown case
16500.0
130835.0
3450.0
3795.0
4108.5
5000.0
5850
5500
2500.0
4520
4795.0
5000
5200.0
4589.25
32987.5
5000.0
7630.0
11500
6500.0
7500.0
8350.0
9000.0
11304.25
6620.25
7082.25
7920
7130
10560
9187.5
22736.0
3850
5000.0
6975.0
6042.0
7735
unknown case
unknown case
8060.0
8060.0
8060.0
9996.0
IRR
2479.5
unknown case
3100.0
3125.0
3360
3675.0
IRR
2280
7500.0
IRR
3750
5250
8855.0
unknown case
12912.25
IRR
135579.0
IRR
11177.5
9900
9932.0
19575
unknown case
6050.0
unknown case
4736
5320.0
6090.0
8250
5350.0
5100.0
7500
9660
6000.0
6660.0
7653.25
7564
7590
12375.0
unknown case
4721.5
9269.0
8320
18200.0
6426
IRR
2552
9050
5350
11050.0
9000
9000.0
4470.0
9592.0
7007.0
5000
10750
8000.0
8533.0
6957.5
7560.0
8160.0
9350.0
unknown case
unknown case
13581.75
IRR
IRR
IRR
IRR
29067.5
6050
7625
unknown case
4995.0
5500.0
6400.0
6500.0
IRR
10547.25
3080.0
5000.0
5620.0
25500.0
43500.0
5500.0
11715.0
7488.0
15000.0
3840
5625
5875
7560.0
4800.0
9510.0
8125.0
10800.0
20010
5460.0
3600.0
unknown case
4140.0
6050
5375.0
6250.0
12750.0
6483.75
7680.0
11686.5
22041.0
16638.75
10773.0
unknown case
unknown case
2660.0
6400
8250.0
13902.75
7650
IRR
10750.0
14000.0
21663.75
3225.0
6300.0
10750.0
42002.5
unknown case
3250
3450
5060.0
5125.0
6500
11900
5500.0
8775
8400
10125
unknown case
unknown case
unknown case
4063.0
unknown case
1350.0
10400.0
3400.0
unknown case
1501.0
unknown case
6060.0
7700.0
IRR
8820.0
4260
5200
4080.0
5000.0
12332.25
6996.0
9250
IRR
7125.0
7500
9600
unknown case
unknown case
blank
6250
16193.5
3366.0
IRR
4445.0
4920.0
9000
8250.0
7132.75
8040.0
3675.75
3636.0
36518.25
3125
6042.0
7200.0
5100
8250.0
7800
8359.75
9300.0
unknown case
6250
6900.0
6000
8000
5750.0
8107.0
7540.0
15136.75
11737.5
4185.0
6450.0
3450.0
2750
3200
IRR
5200.0
5250.0
6160.0
6150
9050
11900
6250.0
6600
14850
unknown case
5000
5205.0
6250.0
8000.0
5350.5
6825
IRR
13650.0
218868
IRR
20000.0
11470.0
6750
8050
16740.0
10125.0
24900.0
63000.0
7050
8320.0
8050.0
8232.0
10465.0
IRR
unknown case
5250.0
300
6000.0
8100.0
9375
4025.0
7200
16500
unknown case
3900
7751.0
6000
10100
6615.0
IRR
10500
IRR
5975.0
8800.0
4097.0
9594.0
4968.0
6435.0
6435.0
7800
IRR
4050.0
9780.0
8400.0
10350
4025.0
39000
3600
6900
9000
11322.0
10150
7500
unknown case
3600
7200.0
7280.0
8450.0
16000
7242.0
6400
7280.0
5000.0
6287.25
7125
6120
8040
8640.0
7500.0
18200
7100
7325.0
12000.0
4170
IRR
6000.0
10500
8000
28000.0
IRR
3450.0
4340.0
unknown case
5680.0
5320.0
7200.0
5625.0
6100.0
7000.0
9500.0
9533.75
8437.5
6000.0
IRR
6825
7800.0
8840.0
7115.5
7200.0
9525
12375
7689.5
unknown case
unknown case
1200.0
8213.0
8100
8986.75
22145.0
9310.0
unknown case
blank
3675.0
3840.0
4375.0
22672.0
32500
3250
4260
8820.0
7000
8250
IRR
6000.0
8175.0
9150.0
136350.0
2912.5
3000.0
unknown case
8925.0
10440.0
11340.0
12000.0
3250.0
16300.0
4550
4864.0
4200
5000
5320.0
12372.75
5760
13365.0
10760.0
5000.0
5775
7500
6944
7938
10500.0
27158.0
IRR
13080.0
3708.0
5500
5500
unknown case
5130.0
5000
6250
12139.0
11160
20210.0
24375.0
unknown case
3960.0
11750
6132.75
8745.0
9490.0
6072.0
14563.75
65205.0
IRR
20710.0
24300.0
4050.0
20092.5
5880.0
8792.0
12750
19620.0
6517.5
5320.0
6400
IRR
3960
6300
7800
7800
8450
unknown case
IRR
5000.0
16297.5
25020.0
IRR
3639.5
3675.0
3960.0
5010.0
15532.5
IRR
5200.0
6250
9000.0
8750.0
unknown case
5250.0
unknown case
IRR
unknown case
IRR
IRR
7800
8550
unknown case
3000.0
2000.0
3100.0
4200.0
9045.0
7800.0
9675.0
IRR
4900.0
5400.0
7990.0
6250
6360.0
5310
10000.0
15529.5
137933.25
7125.0
9272
12208.0
3850
10000
6500.0
IRR
3350.0
6360.0
7000
6250.0
6250.0
7500.0
6625.0
6555.0
8379.0
9960.0
16077.5
9200.0
4500.0
8718.75
7400
7500
6050.0
5819.5
6300
7800
7500.0
IRR
7344
7500
7250.0
IRR
6275.0
6000.0
11016.0
IRR
3200
3180
6600.0
5500
6250
8125.0
7500.0
6250
4375.0
4455.0
8192.5
15300.0
21356.25
28700.0
4108.5
4200
4725
6750
6850
5250.0
6000.0
7500.0
8150.0
6156
6000
9500
6300.0
9540.0
unknown case
10412.5
5500
5200.0
4375.0
3125
6042.0
5988.5
7000.0
5355
6000
6000.0
11827.75
7564
7480
14268.0
unknown case
unknown case
42333.25
4224.0
4260
5434.0
6600.0
unknown case
IRR
8250
blank
7500.0
IRR
45406.0
blank
IRR
4864.0
IRR
5950
6050.0
6100.0
6500.0
6566.25
7535
6072.0
8520
25500.0
8930.0
unknown case
IRR
5115.0
5000
6500
6250.0
7500.0
9728.0
IRR
6450.0
4050.0
4050.0
7500.0
7896.0
6000.0
6200.0
8364.0
15000.0
2530.0
IRR
7200
10350.0
37442.0
10064.0
3200
4200
5400
4600.0
4515
6250
6250
6675.0
6500
6500.0
7750
10500
4752.0
IRR
5500
7548
9014.5
7500
27562.5
IRR
6615.0
8880
unknown case
5240.0
8500.0
15625.0
3450
9250.0
18400.0
3450
5120
4800.0
6450
5250.0
5500.0
7500.0
9700.0
11261.5
5457.0
6952.5
7076
31944.0
7620.0
unknown case
65700
4669.0
8750.0
6000.0
7670
9348
7488.0
3630
5856.5
6050.0
6600
7500
1605.0
600.0
5766.0
12800.0
3584
6042.0
6693.75
6400
8000
12750.0
unknown case
3600
6150
6475.0
5222.25
9500.0
6625.0
9045.0
7663.5
6800
10782.5
9201.5
8703.75
unknown case
6000.0
unknown case
10400.0
10400.0
75680.0
3450.0
3708.0
3850.0
unknown case
7000.0
blank
14040
IRR
3636.0
4470.0
4650.0
3675
5000
5600
5880
4920.0
7000
7700.0
7500
6100.0
8625.0
7524.0
22962.0
20178
unknown case
43868.25
1390.0
3750.0
8170.0
3636.0
4860.0
4096
6360.0
9619.5
5500
8181.0
7865.0
IRR
6780.0
8160
8449.0
unknown case
6750.0
unknown case
3465.0
4890.0
6500.0
IRR
7313.0
10100.0
17300
unknown case
4200
4600.0
6000
6500.0
7500.0
7590
10595.25
43560
blank
4440.0
8487.0
12600.0
4600
5900.0
7250.0
7500.0
6184.5
7813.75
26343.75
8125
7011.0
7700
7500.0
unknown case
unknown case
IRR
20000
5200
13000
6000
8540
7496.75
21991.25
9828.0
6450.0
6960.0
10000
6670
10464.0
7200.0
6400.0
11211.0
6072
4025
IRR
8350.0
12919.5
9555.0
10000
unknown case
22461.75
9625.0
4000.0
1754.5
IRR
IRR
5750.0
6898.5
6400.0
7500.0
5040
3450
4736
4920.0
5250
9100.0
8030.0
21800.0
42200.0
IRR
IRR
8370.0
3200
4200
4580.0
5280.0
unknown case
unknown case
5457.5
5073.0
7800.0
6042.0
11768.75
5520
7500
6250.0
6110.0
18076.5
IRR
unknown case
13923.0
2850.0
14900.0
16191.5
3960
5600.0
5720.0
6050.0
6900.0
6000.0
13833.0
unknown case
blank
unknown case
unknown case
3750.0
5160.0
9281.75
44096.0
6750
6250.0
8250.0
16500.0
IRR
4375.0
5220
4480
5000
5500
8800
6000
6720
7500
8400
7500.0
unknown case
unknown case
unknown case
2750
1892.75
5500.0
9300.0
12000
9345.0
14875.0
1400
3759.5
5370.0
14484
IRR
5148.0
5040
IRR
5250.0
7550.0
7865
7700
10062.0
5000.0
170.0
7000.0
20625
43500.0
7260.25
5440.0
7488.0
23250
12350.0
4100
5500
5900
7500
8000
6500.0
6750.0
8200.0
7680.0
6825.0
7623
20475.0
10620.0
14672.0
IRR
9675.0
4155.0
4260
4500
11928.0
IRR
blank
3200.0
3636.0
unknown case
7467.25
unknown case
5635
5832
4620
5000.0
5148
8100.0
15708.0
11874.5
unknown case
5830.0
6000
6000.0
7625.0
7150.0
6986.25
7160.0
7280.0
6250.0
8686.0
1260
3990.0
7953.0
3675
IRR
6800
98131.0
9000.0
unknown case
5000.0
IRR
IRR
11100.0
11100.0
23085.0
3125
9349.75
5248.0
6250
6500
6500.0
6500.0
8000.0
IRR
5500.0
11325.0
6426
6050.0
8050
7597
IRR
6490
6000.0
10750
7200
9610.0
7625.0
unknown case
blank
unknown case
9000.0
3840
2250.0
750
IRR
7500
8220.0
3636.0
4290.0
4260
5200
4920.0
5000
5250
6000
6900
6500.0
15207.5
unknown case
unknown case
15600.0
12566.75
10746.0
6000.0
7500.0
3675.0
3840.0
5240.0
10075.0
7200
blank
14679.5
3750.0
unknown case
6250.0
7500
7738.0
19112.5
8424.0
10465.0
IRR
14420.0
22500.0
6292.0
6825.0
6250
7350
8000
5350.0
6400.0
7500.0
7875.0
6480
8820.0
23124.0
blank
unknown case
6042.0
630.0
7564.0
7482.0
IRR
IRR
3840.0
5400
6300
12550
unknown case
6208.0
IRR
IRR
3200.0
4070.0
9928.0
11750.0
3838.0
5000
12520
4400.0
5320.0
4950.0
8450
8094.0
7620
6300.0
8520.0
7906.5
6816.25
7687.5
11484.0
6506.5
unknown case
unknown case
unknown case
unknown case
9337.25
2955.0
unknown case
7500.0
38439.75
20625
3125.0
IRR
5000.0
blank
8730.0
IRR
90375.0
27023.25
4590
5400.0
5250
7500
2750.0
7500.0
10730.0
7410.0
6000.0
8400
10240.0
12928.0
21948.0
8772.0
13409.0
14570.0
IRR
32700.0
blank
9000
12525.0
3885
5120
4980.0
5000.0
7772
7020.0
5625
IRR
4332.0
5000.0
IRR
3800.0
6400.0
unknown case
8400
8937.5
5500
5500
7744.0
9450.0
6580.0
IRR
19300.0
6042.0
5733.0
6400
6850
7500
9802.0
9843.0
unknown case
unknown case
unknown case
18615.0
200.0
3675.0
3200
11750.0
6120
15400
blank
10000.0
29391.0
79800.0
7360
6500.0
9480.0
148155.0
unknown case
8385.0
unknown case
blank
3708.0
3750.0
7216.5
3125
6042.0
8120.0
6716.5
12200
7020.0
IRR
5000.0
5200.0
6000
IRR
unknown case
unknown case
11200.0
2296.0
19000.0
7000
7770.0
18225
4760.0
7368.75
7840.0
4200.0
6662.25
8750
blank
900.0
5152.5
10575.0
3200.0
4070.0
11000.0
6300.0
4242.0
7315.0
unknown case
unknown case
669000.0
32725.0
5900.0
19951.0
8200
15300.0
6794.5
3350.0
13948
9585
7500.0
18000.0
3075
4669.0
9700
3750
5375.0
7000
8250
5000.0
6500.0
7480.0
1686.25
unknown case
IRR
5865.0
4200.0
12155.0
11075.0
7475
7595.25
9045.0
7450.0
3795.0
4257.0
4830
2900
5500
5326.5
7200
23650.0
30728.75
IRR
7020.0
10257.0
10400.0
10608.75
65250.0
3850
6150.0
4935
7425.0
8500
5000.0
7614.5
7623
8690
unknown case
9185.0
11000
unknown case
7150.0
95190.0
4200.0
16500.0
unknown case
4255
5280
5250
5450
5675.0
6250
8000
8000
6875.0
14000
24000.0
unknown case
6660.0
9675.0
13400.0
5900
6250.0
6550
8060.0
3600.0
4995.0
5761.5
16000
16500
16600.0
IRR
4095
8800
6750.0
8000.0
6240.0
7320
7875.0
8500
7623.0
IRR
IRR
25025.0
14409.5
6000
6060.0
8000
8157.5
11250.0
unknown case
4864
3636.0
10900.0
12000
unknown case
11270.0
6750
11250.0
20115.0
8150.0
3096.0
3500.0
3200
IRR
4180.0
6435.0
5500
8250.0
8250
6481.25
6500.0
6215
6490
8300
unknown case
9700.0
8400.0
8000
10815.5
IRR
11900
unknown case
unknown case
IRR
5600.0
IRR
5625
7194.0
9000
6000.0
6252.5
6076
7076.0
14800
8484.5
14667.75
unknown case
unknown case
6195.0
5625.0
6500.0
7919.5
IRR
4200
2520.0
6732.0
7000.0
8075.0
10769.25
5460
12500.0
7169.75
7350
14629.25
blank
156959.0
7000.0
5660.0
4200.0
6435.0
12500
6500.0
7590.0
8680
10000.0
IRR
5559.0
IRR
3636.0
3636.0
4992.0
5120.0
3600
3840
5540.0
5593.0
9900.0
39501
7569.0
unknown case
12900.0
3150.0
23900.0
6181.25
8170
8000
8750
5000.0
6120.0
7700
20350
6562.5
7200
7540
11130.0
7500.0
10188.75
10092.0
unknown case
IRR
7400.0
7128.0
7200.0
unknown case
6250.0
9675.0
3729.0
5000.0
6250
6500
6250.0
6500.0
7000.0
7050.0
8250.0
8350.0
8750.0
12474
7500.0
8580.0
IRR
12001.5
9625.0
10312.5
unknown case
unknown case
IRR
69152.5
12125.0
9300.0
9900.75
15665.0
IRR
blank
12875.0
unknown case
6000
8250
6236.75
5312.0
7605.0
10875
unknown case
43056.0
8075.0
6500.0
7500
6250.0
7240.0
64946.25
63439.75
66030
4860.0
9500.0
9657.75
5290.0
8750.0
6528.0
8400
9750.0
6594.0
8769
9870.0
unknown case
16765.75
IRR
10560.0
15000.0
4380.0
unknown case
25000
5150
6142.5
8025.0
8412.25
10175.0
12800.0
4255.0
5500
8250
13200
8120.0
20910.0
IRR
4350
9900.0
10080.0
IRR
4800.0
8086.0
6900.0
unknown case
3636.0
5115.0
4352
3920
4200
5112
4823.75
6550
7025.0
8250
6600
7560
8710.0
7150.0
10508.0
7500
4200.0
3621.0
17200.0
IRR
IRR
16425.0
9112.0
IRR
IRR
13365
7500.0
7540
7700
8000
86589.0
5000
3636.0
4350
4380
6930.0
5080.0
7800.0
131905.0
3660
IRR
8380.5
5325.75
6760
4200.0
5175.0
7500
6250.0
7497
6121.5
6000.0
6324
7800
7800.0
IRR
6639.75
34725.0
12154.0
3450.0
12800
12768.0
6042.0
4375.0
8678.75
5500
7400.0
unknown case
4250.0
5200
5500
6250
7500
7748.0
6720
8925.0
11040
10800.0
IRR
10000.0
22000.0
4290.0
5760.0
8925.0
7020.0
6000.0
unknown case
16500.0
unknown case
7670.0
8250
10000.0
unknown case
7277.0
7632.0
9576.5
IRR
unknown case
6042.0
4480
5850.0
6000.0
6250.0
6750
6600.0
7475.0
7875.0
16563.25
unknown case
4350.0
5500
9044.25
IRR
10000.0
4200.0
3900.0
36979.5
IRR
IRR
10100.0
16065.0
29269.5
IRR
IRR
blank
20700.0
3675
5125.0
6250
8250
6400.0
6216.0
6906.25
13023.5
7560
9750.0
8500
8085.0
5865.0
47634.0
9120
4260.0
4455.0
3675
5625.0
6435.0
4937.5
5200
9428.75
IRR
8547.0
10554.25
225545.0
7950.0
5900
7050.0
7500
5450.0
6250.0
6120
7260.0
7440.0
7605.0
8678.25
5500
6000
8550.0
6300
5568.0
4500
3125
9720
6090.0
5237.75
5320.0
5250.0
7350
unknown case
7800.0
10500.0
7500.0
7500.0
8400.0
7800
8400
IRR
6875
IRR
8350.0
9632.0
15159.0
IRR
8130.0
5000.0
7500
8250.0
12754.75
8670.0
11448.25
11557.0
2500.0
5500.0
IRR
6500
9504
13312.5
8864.25
7500
9158.0
3914.0
5372.5
9310.0
4500.0
16500
3000
4080
4280
5720.0
6480.0
5100
5150
6000.0
7400.0
9500.0
7735
10062.0
IRR
6000.0
6650
6450.0
9500.0
1650.0
7650.0
IRR
7429.0
5110
4370.0
4800
3200.0
6250.0
15260
unknown case
5785.0
11880.0
5200
11850
7000.0
7875
8547.5
IRR
5625
unknown case
4600
7000.0
8463.0
2875.0
7410
3350.0
10080.0
4070.0
3200
4180.0
5200
5200.0
5200.0
5000
8250
8748.0
6690.0
7680.0
8664.0
7000
10860.0
12844.0
unknown case
16000
1500.0
4600.0
IRR
8979.0
IRR
13875
unknown case
220.0
9351.75
IRR
5700.0
7288.5
5984
6250
5500.0
6943.0
7904.0
6050
7500
6050.0
19440
11015.75
12000.0
12402.0
3795.0
4860.0
4600
3858.75
8250
9720
175.0
7680.0
5400.0
6783.0
IRR
41778.0
IRR
8600
3150
5550
5160
8750
9918.0
10692
IRR
unknown case
unknown case
9000
5130
4800
5000
6750
6000.0
9420.0
8096.25
IRR
21808
3192
5206
5504
6000
6850
11900
11560
12648.0
IRR
6500.0
3450.0
3200
5880.0
6500.0
11289.0
7500.0
unknown case
1160
9486.0
7540
12250.0
4375.0
14811.25
13635.0
IRR
unknown case
18100.0
IRR
4070.0
unknown case
4800.0
5120.0
IRR
5644.0
9500
6400.0
6328
7995.0
7875
unknown case
unknown case
14250.0
25960.0
4025.0
6250
27081.0
4375
5200
unknown case
unknown case
6500.0
8800.0
5000.0
5500.0
10200.0
4800
1089
5200.0
5450
6250
7100
6400.0
9997.5
7500
5100.0
8874.0
8006.5
22405.25
IRR
6000
13354.5
5500
5500.0
6500.0
8400.0
10000.0
7900.0
10428.75
IRR
7380.0
7716.5
6500
7475
13492.5
1751.5
3450.0
6125.0
7310.0
IRR
5830.0
unknown case
133986.5
3850.0
5280.0
12773.0
IRR
3360.0
5795.0
19205.0
7080
6000
9000
10872.25
IRR
10080.0
11424.0
23595
5000.0
5898.5
